0.1
0.10474
0.1097
0.1149
0.12034
0.12604
0.13201
0.13826
0.14481
0.15167
0.15886
0.16638
0.17426
0.18252
0.19116
0.20022
0.2097
0.21964
0.23004
0.24094
0.25235
0.26431
0.27683
0.28994
0.30368
0.31806
0.33313
0.34891
0.36544
0.38275
0.40088
0.41987
0.43976
0.46059
0.48241
0.50526
0.5292
0.55427
0.58052
0.60802
0.63682
0.66699
0.69859
0.73168
0.76634
0.80264
0.84067
0.88049
0.9222
0.96588
1.0116
1.0596
1.1098
1.1623
1.2174
1.2751
1.3355
1.3987
1.465
1.5344
1.6071
1.6832
1.7629
1.8464
1.9339
2.0255
2.1215
2.2219
2.3272
2.4374
2.5529
2.6738
2.8005
2.9332
3.0721
3.2176
3.3701
3.5297
3.6969
3.872
4.0555
4.2476
4.4488
4.6595
4.8803
5.1114
5.3536
5.6072
5.8728
6.151
6.4424
6.7475
7.0672
7.402
7.7526
8.1198
8.5045
8.9074
9.3293
9.7712
10.234
10.719
11.227
11.758
12.316
12.899
13.51
14.15
14.82
15.522
16.258
17.028
17.834
18.679
19.564
20.491
21.461
22.478
23.543
24.658
25.826
27.05
28.331
29.673
31.079
32.551
34.093
35.708
37.399
39.171
41.027
42.97
45.006
47.138
49.37
51.709
54.159
56.724
59.411
62.226
65.173
68.261
71.494
74.881
78.428
82.143
86.035
90.11
94.379
98.85
103.53
108.44
113.57
118.95
124.59
130.49
136.67
143.15
149.93
157.03
164.47
172.26
180.42
188.97
197.92
207.29
217.11
227.4
238.17
249.45
261.27
273.64
286.61
300.18
314.4
329.3
344.9
361.23
378.35
396.27
415.04
434.7
455.29
476.86
499.45
523.11
547.89
573.84
601.03
629.5
659.32
690.55
723.26
757.53
793.41
830.99
870.36
911.59
954.77
1000
