0.24908
0.018138
0.017937
0.018859
0.019816
0.019422
0.022234
0.020924
0.022468
0.023691
0.02259
0.023174
0.024532
0.024885
0.027044
0.026651
0.027981
0.028166
0.028522
0.0301
0.029769
0.031382
0.031918
0.034061
0.034927
0.034541
0.036255
0.037254
0.038864
0.039291
0.041651
0.042596
0.043908
0.045619
0.046338
0.047863
0.049669
0.051112
0.05154
0.054144
0.055646
0.0574
0.059528
0.061251
0.063884
0.06509
0.067493
0.069719
0.071803
0.074126
0.076648
0.078943
0.081175
0.082951
0.085637
0.088174
0.090951
0.093403
0.095136
0.098436
0.10068
0.10331
0.10502
0.10798
0.10954
0.11236
0.11325
0.11608
0.11763
0.11954
0.12092
0.12162
0.12367
0.12358
0.12345
0.12446
0.12409
0.12363
0.12268
0.1215
0.11966
0.11827
0.11605
0.11288
0.11054
0.1067
0.10307
0.099158
0.095283
0.090394
0.085881
0.08102
0.075839
0.070962
0.065996
0.061093
0.055951
0.050863
0.046205
0.041559
0.037117
0.033143
0.029268
0.025798
0.022448
0.019408
0.01667
0.014417
0.0122
0.0103
0.0087272
0.0073418
0.0060596
0.0050376
0.0041199
0.0034655
0.0027865
0.0022796
0.0018403
0.001475
0.0011873
0.00094392
0.0007572
0.00058907
0.00045856
0.00035866
0.00027394
0.00020953
0.00015746
0.00011583
8.8499e-05
6.449e-05
4.6687e-05
3.409e-05
2.1209e-05
1.4406e-05
9.1693e-06
6.7312e-06
5.3622e-06
3.0492e-06
1.869e-06
1.304e-06
1.0812e-06
3.7539e-07
2.9867e-07
3.1368e-07
2.1781e-07
1.0398e-07
4.9639e-08
4.7394e-08
6.7876e-08
4.3204e-08
2.0625e-08
1.9692e-08
0
0
0
0
0
0
0
0
0
0
0
0
0
0
0
0
0
0
0
0
0
0
0
0
0
0
0
0
0
0
0
0
0
0
0
0
0
0
0
0
0
0
0
0
0
0
